%YAML:1.0
---
model_type: PINHOLE
camera_name: camera
image_width: 848
image_height: 480
distortion_parameters:
   k1: 0.0
   k2: 0.0
   p1: 0.0
   p2: 0.0
projection_parameters:
   fx: 427.7933349609375
   fy: 427.7933349609375
   cx: 421.89697265625
   cy: 244.87127685546875
